AI Essays
100
100
100
100
100
100
100
100
100
100
100
100
100
100
100
100
100
100
100
100
100
100
100
100
100
100
100
100
100
100

AIHumanizer
100,24
100,33
100,66
100,68
100,73
100,115
100,10
100,13
100,19
100,19
100,47
100,51
100,17
100,27
100,38
100,58
100,66
100,104
100,24
100,37
100,60
100,58
100,101
100,117
100,14
100,27
100,35
100,34
100,65
100,81

Grammarly
100,23
100,21
100,45
100,33
100,57
100,83
100,7
100,9
100,14
100,27
100,33
100,34
100,13
100,26
100,30
100,45
100,42
100,89
100,30
100,39
100,67
100,61
100,96
100,114
100,10
100,24
100,33
100,41
100,50
100,80

HumanizeAI
100,16
0
0
100,46
0
0
0
0
0
0
0
0
0
0
0
0
0
64.4,48

Quillbot


UndetectableAI


writehuman.ai